total error: 0.04057939955400003
Camera matrix : 

[[1.38106997e+03 0.00000000e+00 6.87317037e+02]
 [0.00000000e+00 1.38209804e+03 3.82421364e+02]
 [0.00000000e+00 0.00000000e+00 1.00000000e+00]]
dist : 

[[ 8.30863128e-02  1.57413825e+00  4.52467136e-04  5.90615097e-03
  -7.07611874e+00]]
rvecs : 

(array([[-0.0416594 ],
       [-0.05076577],
       [-1.56568963]]), array([[ 0.04625338],
       [-0.7670991 ],
       [ 1.52736709]]), array([[-0.26207996],
       [-0.66156024],
       [ 1.51229107]]), array([[-0.29925268],
       [-0.54651194],
       [ 1.5183757 ]]), array([[-0.4589761 ],
       [-0.66005512],
       [ 1.52058477]]), array([[-0.67029974],
       [-0.80299551],
       [ 1.46463665]]), array([[-0.80883498],
       [-0.90449201],
       [ 1.40600899]]), array([[-0.46951772],
       [-0.98745953],
       [ 1.57932307]]), array([[-0.26656798],
       [-0.95917057],
       [ 1.60708358]]), array([[-0.17703571],
       [-0.68461087],
       [ 1.55029957]]), array([[-0.21117803],
       [-0.61996615],
       [ 1.61622236]]), array([[-0.16447035],
       [-0.10062261],
       [ 1.57363269]]), array([[ 0.14255201],
       [ 0.45178679],
       [-1.5401225 ]]), array([[ 0.07420924],
       [ 0.49529596],
       [-1.53018898]]), array([[-0.01088277],
       [ 0.61862076],
       [ 1.5705237 ]]), array([[0.03451664],
       [0.91614609],
       [1.56068654]]), array([[0.15810593],
       [1.00326634],
       [1.58411317]]), array([[0.5220887 ],
       [0.47012761],
       [1.46592455]]), array([[0.61119353],
       [0.41579388],
       [1.40449186]]), array([[0.44489766],
       [0.41253625],
       [1.46615349]]), array([[0.45433114],
       [0.28276543],
       [1.53804553]]), array([[0.4994996 ],
       [0.45372655],
       [1.54677541]]), array([[-0.17143249],
       [ 0.0625492 ],
       [-1.51953457]]), array([[0.63818676],
       [0.62305536],
       [1.52177487]]), array([[0.69600311],
       [0.69232712],
       [1.49845351]]), array([[0.81319272],
       [0.82487006],
       [1.47060223]]), array([[0.78824054],
       [0.83964357],
       [1.47285068]]), array([[0.88468413],
       [0.92606426],
       [1.42984539]]), array([[-0.34961921],
       [ 1.07036396],
       [-1.46564889]]), array([[ 0.08489608],
       [ 0.85861898],
       [-1.49763299]]), array([[ 0.36050493],
       [ 0.69865425],
       [-1.43883596]]), array([[ 0.4060665 ],
       [ 0.67293166],
       [-1.51762043]]), array([[-0.16310255],
       [-0.84803246],
       [ 1.67062749]]), array([[-0.15120514],
       [ 0.22033784],
       [-1.52115985]]), array([[-0.19740968],
       [-0.74496165],
       [ 1.50565952]]), array([[-0.22043627],
       [-0.7387244 ],
       [ 1.58233769]]), array([[-0.21882212],
       [-0.81084135],
       [ 1.60013926]]), array([[ 0.63505256],
       [ 0.53638124],
       [-1.43595596]]), array([[ 0.51660328],
       [ 0.37638199],
       [-1.4717315 ]]), array([[ 0.19303269],
       [-0.38128039],
       [ 1.52122193]]), array([[ 8.45855167e-05],
       [-1.67656800e-01],
       [ 1.57507534e+00]]), array([[-0.22917975],
       [ 0.06545163],
       [ 1.55184024]]), array([[-0.45306337],
       [-0.65867032],
       [-1.51515809]]), array([[-0.87997611],
       [ 0.68378959],
       [ 1.32706585]]), array([[-0.05587807],
       [ 0.34620914],
       [-1.54424047]]), array([[-1.02102542],
       [ 0.14984886],
       [ 1.19924975]]), array([[-0.07774246],
       [ 0.9327717 ],
       [ 1.66375531]]), array([[0.22888451],
       [0.60173719],
       [1.57806043]]), array([[0.38555971],
       [0.8173298 ],
       [1.56556563]]), array([[0.61961966],
       [0.93331491],
       [1.51970697]]), array([[-0.65218162],
       [-0.67100818],
       [ 1.51338055]]), array([[-0.30809321],
       [-0.33988498],
       [ 1.57198028]]), array([[-0.09088654],
       [-0.50347025],
       [ 1.5912111 ]]), array([[-0.72468529],
       [ 0.05843587],
       [ 1.39346276]]), array([[-1.01199333],
       [-0.37887935],
       [ 1.22083839]]), array([[ 0.43619587],
       [-0.04124564],
       [ 1.53614232]]), array([[0.41126343],
       [0.8953389 ],
       [1.54821566]]), array([[0.68020452],
       [0.37761367],
       [1.33986024]]), array([[-0.45754336],
       [ 0.68025571],
       [-1.44310198]]), array([[-0.36097427],
       [ 0.58751915],
       [-1.46547769]]), array([[-0.23923316],
       [ 0.45140434],
       [-1.46595619]]), array([[-0.13568235],
       [-0.34122953],
       [ 1.58847473]]), array([[ 0.48620971],
       [-0.39204139],
       [ 1.4902497 ]]), array([[ 0.52499168],
       [-0.6460363 ],
       [ 1.47329304]]), array([[ 0.31789018],
       [-0.82539397],
       [ 1.51211798]]))
tvecs : 

(array([[-5.37205603],
       [ 2.38287951],
       [27.01724906]]), array([[ 2.01885688],
       [-2.76152547],
       [25.97160145]]), array([[-0.20355103],
       [-3.07730303],
       [25.96315441]]), array([[-0.97955946],
       [-3.22636656],
       [26.17411523]]), array([[ 2.74037485],
       [-3.14686462],
       [26.4912166 ]]), array([[ 1.13539351],
       [-3.41137387],
       [24.12028427]]), array([[ 0.20088076],
       [-3.21725776],
       [23.14357823]]), array([[ 1.54216621],
       [-3.07756458],
       [22.8532476 ]]), array([[ 2.13722381],
       [-2.99322405],
       [23.19886022]]), array([[ 3.78233368],
       [-3.31262391],
       [23.66558801]]), array([[ 5.47037652],
       [-2.92242766],
       [24.51382253]]), array([[ 1.33849827],
       [-2.95640388],
       [27.60533419]]), array([[-1.31590807],
       [ 1.93643864],
       [27.07822315]]), array([[-3.89825352],
       [ 1.75121424],
       [27.51041927]]), array([[ 3.2123883 ],
       [-2.69698818],
       [23.41253377]]), array([[ 4.87982588],
       [-2.48903018],
       [23.02896383]]), array([[ 5.5250428 ],
       [-2.49495287],
       [22.50106447]]), array([[ 5.30337594],
       [-2.69977423],
       [21.66969941]]), array([[ 5.35609768],
       [-1.72379275],
       [21.26003039]]), array([[ 5.18906032],
       [-3.14419277],
       [21.67979485]]), array([[ 4.81869688],
       [-3.01747868],
       [21.59236338]]), array([[ 5.33659995],
       [-2.75840221],
       [21.40986862]]), array([[-4.46593987],
       [ 1.42837043],
       [28.05010871]]), array([[ 5.43451008],
       [-2.18799512],
       [20.09665334]]), array([[ 1.82310271],
       [-2.31310752],
       [18.97152141]]), array([[ 1.66099985],
       [-2.17103398],
       [18.27470086]]), array([[ 1.87368769],
       [-3.29399997],
       [18.1196213 ]]), array([[ 1.89108475],
       [-3.1321065 ],
       [17.94502523]]), array([[-2.8468381 ],
       [ 0.18808123],
       [25.14560468]]), array([[-6.95953758],
       [-0.15686626],
       [23.41417633]]), array([[-4.03350285],
       [ 0.28009011],
       [21.5339801 ]]), array([[-4.28200456],
       [ 1.14318466],
       [21.20615768]]), array([[ 2.72173975],
       [-2.82657438],
       [20.63027047]]), array([[-3.80360321],
       [ 1.56636753],
       [28.6163737 ]]), array([[ 1.12116286],
       [-3.36596141],
       [20.5554715 ]]), array([[ 1.46489154],
       [-3.39772264],
       [21.22305378]]), array([[ 3.26840785],
       [-3.14106369],
       [21.31342315]]), array([[-4.17025657],
       [ 1.18158896],
       [20.06711856]]), array([[-3.98669358],
       [ 1.3421995 ],
       [19.99979083]]), array([[ 2.92587503],
       [-2.52863398],
       [18.57424488]]), array([[ 3.44712259],
       [-2.68160199],
       [19.96840264]]), array([[ 3.36060443],
       [-2.50037438],
       [20.71262828]]), array([[-3.50113057],
       [ 1.45469846],
       [17.51364239]]), array([[ 3.15253953],
       [-0.91807549],
       [21.92174415]]), array([[-3.4704096 ],
       [ 1.59248359],
       [28.92372097]]), array([[ 0.94027202],
       [-2.30572457],
       [21.92324615]]), array([[ 4.83206615],
       [-1.99984297],
       [21.90623075]]), array([[ 4.9844911 ],
       [-2.74602437],
       [21.26957131]]), array([[ 3.19898878],
       [-3.2146816 ],
       [20.05046793]]), array([[ 1.89035543],
       [-2.6070366 ],
       [20.31285633]]), array([[ 3.4086634 ],
       [-2.6577698 ],
       [22.58372359]]), array([[ 3.91552155],
       [-2.85325924],
       [22.3954312 ]]), array([[ 4.72369008],
       [-2.98333963],
       [22.00839514]]), array([[ 3.1867703 ],
       [-2.6824981 ],
       [23.91015834]]), array([[ 2.26520972],
       [-2.71728578],
       [23.47996287]]), array([[ 3.40513175],
       [-2.91212303],
       [25.96984092]]), array([[ 4.18355418],
       [-2.67937762],
       [24.89147719]]), array([[ 4.19212832],
       [-3.08756164],
       [24.87768889]]), array([[-0.54567821],
       [ 1.2169412 ],
       [29.33016185]]), array([[-1.56140712],
       [ 1.69421907],
       [28.27306361]]), array([[-2.75445991],
       [ 1.51016346],
       [26.56431252]]), array([[ 1.47406294],
       [-3.10117614],
       [22.58347102]]), array([[ 2.86567399],
       [-2.46262389],
       [25.33193915]]), array([[ 2.51288482],
       [-2.32736085],
       [25.03245283]]), array([[ 2.5583181 ],
       [-2.12023605],
       [25.26517708]]))